0.0 0.5080291970802919 0.5328963443118695 0.11532846715328468 
0.1 0.4817518248175183 0.477844093735055 0.11532846715328468 
0.2 0.5226277372262774 0.5526019960910846 0.09343065693430658 
0.3 0.4715328467153285 0.4855100536827443 0.11678832116788321 
0.4 0.4905109489051095 0.5266405696505405 0.13722627737226276 
0.5 0.5036496350364963 0.49517528583706466 0.09635036496350366 
0.6 0.47007299270072994 0.48159214203517997 0.11532846715328467 
0.7 0.4642335766423358 0.46821509787630405 0.10218978102189782 
0.8 0.454014598540146 0.4388770774503284 0.09781021897810219 
0.9 0.4978102189781023 0.5287026143790851 0.09927007299270071 
1.0 0.4759124087591241 0.5264295867089407 0.09927007299270073 
