90.0 0.22000000000000003 0.23111111111111113 0.12 
180.0 0.29000000000000004 0.2949303405572755 0.1 
270.0 0.38 0.377 0.10666666666666666 
360.0 0.41025641025641024 0.3821505376344086 0.12307692307692308 
450.0 0.36249999999999993 0.3701426024955437 0.09583333333333333 
540.0 0.4350877192982455 0.4162040256760754 0.11228070175438595 
630.0 0.4636363636363637 0.4478156146179401 0.09393939393939396 
720.0 0.42666666666666664 0.45706242245325807 0.09066666666666666 
810.0 0.42857142857142855 0.4122722789550176 0.09523809523809523 
900.0 0.4387096774193548 0.43772703235421373 0.1010752688172043 
990.0 0.4117647058823529 0.4440644697812385 0.10588235294117647 
1080.0 0.48108108108108105 0.49226550398192187 0.10630630630630629 
1170.0 0.44333333333333336 0.44352230058149156 0.10166666666666666 
1260.0 0.49612403100775193 0.5221717430841742 0.11937984496124032 
1350.0 0.49635036496350365 0.5155506641952425 0.11094890510948904 
1440.0 0.4744827586206896 0.5161510611790829 0.09517241379310346 
1530.0 0.4888888888888888 0.5285709243596154 0.09019607843137253 
1620.0 0.5167701863354036 0.5135126541210022 0.12298136645962732 
1710.0 0.4887573964497042 0.522286118444885 0.1029585798816568 
1800.0 0.47727272727272724 0.5458016771868304 0.10909090909090909 
